"Any","Codi_Districte","Nom_Districte","Codi_Barri","Nom_Barri","Antiguitat","Nombre_motos"
2018,1,"Ciutat Vella",1,"el Raval","Menys d'un any d'antiguitat",154
2018,1,"Ciutat Vella",2,"el Barri Gòtic","Menys d'un any d'antiguitat",96
2018,1,"Ciutat Vella",3,"la Barceloneta","Menys d'un any d'antiguitat",115
2018,1,"Ciutat Vella",4,"Sant Pere, Santa Caterina i la Ribera","Menys d'un any d'antiguitat",166
2018,2,"Eixample",5,"el Fort Pienc","Menys d'un any d'antiguitat",251
2018,2,"Eixample",6,"la Sagrada Família","Menys d'un any d'antiguitat",417
2018,2,"Eixample",7,"la Dreta de l'Eixample","Menys d'un any d'antiguitat",505
2018,2,"Eixample",8,"l'Antiga Esquerra de l'Eixample","Menys d'un any d'antiguitat",476
2018,2,"Eixample",9,"la Nova Esquerra de l'Eixample","Menys d'un any d'antiguitat",532
2018,2,"Eixample",10,"Sant Antoni","Menys d'un any d'antiguitat",242
2018,3,"Sants-Montjuïc",11,"el Poble Sec","Menys d'un any d'antiguitat",214
2018,3,"Sants-Montjuïc",12,"la Marina del Prat Vermell","Menys d'un any d'antiguitat",33
2018,3,"Sants-Montjuïc",13,"la Marina de Port","Menys d'un any d'antiguitat",250
2018,3,"Sants-Montjuïc",14,"la Font de la Guatlla","Menys d'un any d'antiguitat",61
2018,3,"Sants-Montjuïc",15,"Hostafrancs","Menys d'un any d'antiguitat",89
2018,3,"Sants-Montjuïc",16,"la Bordeta","Menys d'un any d'antiguitat",114
2018,3,"Sants-Montjuïc",17,"Sants - Badal","Menys d'un any d'antiguitat",161
2018,3,"Sants-Montjuïc",18,"Sants","Menys d'un any d'antiguitat",281
2018,4,"Les Corts",19,"les Corts","Menys d'un any d'antiguitat",406
2018,4,"Les Corts",20,"la Maternitat i Sant Ramon","Menys d'un any d'antiguitat",227
2018,4,"Les Corts",21,"Pedralbes","Menys d'un any d'antiguitat",141
2018,5,"Sarrià-Sant Gervasi",22,"Vallvidrera, el Tibidabo i les Planes","Menys d'un any d'antiguitat",50
2018,5,"Sarrià-Sant Gervasi",23,"Sarrià","Menys d'un any d'antiguitat",240
2018,5,"Sarrià-Sant Gervasi",24,"les Tres Torres","Menys d'un any d'antiguitat",221
2018,5,"Sarrià-Sant Gervasi",25,"Sant Gervasi - la Bonanova","Menys d'un any d'antiguitat",673
2018,5,"Sarrià-Sant Gervasi",26,"Sant Gervasi - Galvany","Menys d'un any d'antiguitat",941
2018,5,"Sarrià-Sant Gervasi",27,"el Putxet i el Farró","Menys d'un any d'antiguitat",378
2018,6,"Gràcia",28,"Vallcarca i els Penitents","Menys d'un any d'antiguitat",149
2018,6,"Gràcia",29,"el Coll","Menys d'un any d'antiguitat",74
2018,6,"Gràcia",30,"la Salut","Menys d'un any d'antiguitat",105
2018,6,"Gràcia",31,"la Vila de Gràcia","Menys d'un any d'antiguitat",355
2018,6,"Gràcia",32,"el Camp d'en Grassot i Gràcia Nova","Menys d'un any d'antiguitat",298
2018,7,"Horta-Guinardó",33,"el Baix Guinardó","Menys d'un any d'antiguitat",202
2018,7,"Horta-Guinardó",34,"Can Baró","Menys d'un any d'antiguitat",82
2018,7,"Horta-Guinardó",35,"el Guinardó","Menys d'un any d'antiguitat",274
2018,7,"Horta-Guinardó",36,"la Font d'en Fargues","Menys d'un any d'antiguitat",100
2018,7,"Horta-Guinardó",37,"el Carmel","Menys d'un any d'antiguitat",259
2018,7,"Horta-Guinardó",38,"la Teixonera","Menys d'un any d'antiguitat",107
2018,7,"Horta-Guinardó",39,"Sant Genís dels Agudells","Menys d'un any d'antiguitat",39
2018,7,"Horta-Guinardó",40,"Montbau","Menys d'un any d'antiguitat",34
2018,7,"Horta-Guinardó",41,"la Vall d'Hebron","Menys d'un any d'antiguitat",31
2018,7,"Horta-Guinardó",42,"la Clota","Menys d'un any d'antiguitat",7
2018,7,"Horta-Guinardó",43,"Horta","Menys d'un any d'antiguitat",217
2018,8,"Nou Barris",44,"Vilapicina i la Torre Llobeta","Menys d'un any d'antiguitat",153
2018,8,"Nou Barris",45,"Porta","Menys d'un any d'antiguitat",144
2018,8,"Nou Barris",46,"el Turó de la Peira","Menys d'un any d'antiguitat",90
2018,8,"Nou Barris",47,"Can Peguera","Menys d'un any d'antiguitat",14
2018,8,"Nou Barris",48,"la Guineueta","Menys d'un any d'antiguitat",96
2018,8,"Nou Barris",49,"Canyelles","Menys d'un any d'antiguitat",45
2018,8,"Nou Barris",50,"les Roquetes","Menys d'un any d'antiguitat",83
2018,8,"Nou Barris",51,"Verdun","Menys d'un any d'antiguitat",51
2018,8,"Nou Barris",52,"la Prosperitat","Menys d'un any d'antiguitat",160
2018,8,"Nou Barris",53,"la Trinitat Nova","Menys d'un any d'antiguitat",31
2018,8,"Nou Barris",54,"Torre Baró","Menys d'un any d'antiguitat",13
2018,8,"Nou Barris",55,"Ciutat Meridiana","Menys d'un any d'antiguitat",27
2018,8,"Nou Barris",56,"Vallbona","Menys d'un any d'antiguitat",6
2018,9,"Sant Andreu",57,"la Trinitat Vella","Menys d'un any d'antiguitat",46
2018,9,"Sant Andreu",58,"Baró de Viver","Menys d'un any d'antiguitat",8
2018,9,"Sant Andreu",59,"el Bon Pastor","Menys d'un any d'antiguitat",91
2018,9,"Sant Andreu",60,"Sant Andreu","Menys d'un any d'antiguitat",357
2018,9,"Sant Andreu",61,"la Sagrera","Menys d'un any d'antiguitat",178
2018,9,"Sant Andreu",62,"el Congrés i els Indians","Menys d'un any d'antiguitat",82
2018,9,"Sant Andreu",63,"Navas","Menys d'un any d'antiguitat",143
2018,10,"Sant Martí",64,"el Camp de l'Arpa del Clot","Menys d'un any d'antiguitat",258
2018,10,"Sant Martí",65,"el Clot","Menys d'un any d'antiguitat",173
2018,10,"Sant Martí",66,"el Parc i la Llacuna del Poblenou","Menys d'un any d'antiguitat",106
2018,10,"Sant Martí",67,"la Vila Olímpica del Poblenou","Menys d'un any d'antiguitat",78
2018,10,"Sant Martí",68,"el Poblenou","Menys d'un any d'antiguitat",262
2018,10,"Sant Martí",69,"Diagonal Mar i el Front Marítim del Poblenou","Menys d'un any d'antiguitat",92
2018,10,"Sant Martí",70,"el Besòs i el Maresme","Menys d'un any d'antiguitat",81
2018,10,"Sant Martí",71,"Provençals del Poblenou","Menys d'un any d'antiguitat",156
2018,10,"Sant Martí",72,"Sant Martí de Provençals","Menys d'un any d'antiguitat",139
2018,10,"Sant Martí",73,"la Verneda i la Pau","Menys d'un any d'antiguitat",131
2018,99,"No consta",99,"No consta","Menys d'un any d'antiguitat",2
2018,1,"Ciutat Vella",1,"el Raval","1 any",174
2018,1,"Ciutat Vella",2,"el Barri Gòtic","1 any",122
2018,1,"Ciutat Vella",3,"la Barceloneta","1 any",95
2018,1,"Ciutat Vella",4,"Sant Pere, Santa Caterina i la Ribera","1 any",183
2018,2,"Eixample",5,"el Fort Pienc","1 any",218
2018,2,"Eixample",6,"la Sagrada Família","1 any",406
2018,2,"Eixample",7,"la Dreta de l'Eixample","1 any",450
2018,2,"Eixample",8,"l'Antiga Esquerra de l'Eixample","1 any",442
2018,2,"Eixample",9,"la Nova Esquerra de l'Eixample","1 any",438
2018,2,"Eixample",10,"Sant Antoni","1 any",258
2018,3,"Sants-Montjuïc",11,"el Poble Sec","1 any",192
2018,3,"Sants-Montjuïc",12,"la Marina del Prat Vermell","1 any",20
2018,3,"Sants-Montjuïc",13,"la Marina de Port","1 any",205
2018,3,"Sants-Montjuïc",14,"la Font de la Guatlla","1 any",91
2018,3,"Sants-Montjuïc",15,"Hostafrancs","1 any",98
2018,3,"Sants-Montjuïc",16,"la Bordeta","1 any",120
2018,3,"Sants-Montjuïc",17,"Sants - Badal","1 any",148
2018,3,"Sants-Montjuïc",18,"Sants","1 any",280
2018,4,"Les Corts",19,"les Corts","1 any",426
2018,4,"Les Corts",20,"la Maternitat i Sant Ramon","1 any",183
2018,4,"Les Corts",21,"Pedralbes","1 any",166
2018,5,"Sarrià-Sant Gervasi",22,"Vallvidrera, el Tibidabo i les Planes","1 any",44
2018,5,"Sarrià-Sant Gervasi",23,"Sarrià","1 any",270
2018,5,"Sarrià-Sant Gervasi",24,"les Tres Torres","1 any",222
2018,5,"Sarrià-Sant Gervasi",25,"Sant Gervasi - la Bonanova","1 any",391
2018,5,"Sarrià-Sant Gervasi",26,"Sant Gervasi - Galvany","1 any",701
2018,5,"Sarrià-Sant Gervasi",27,"el Putxet i el Farró","1 any",356
2018,6,"Gràcia",28,"Vallcarca i els Penitents","1 any",168
2018,6,"Gràcia",29,"el Coll","1 any",62
2018,6,"Gràcia",30,"la Salut","1 any",116
2018,6,"Gràcia",31,"la Vila de Gràcia","1 any",380
2018,6,"Gràcia",32,"el Camp d'en Grassot i Gràcia Nova","1 any",286
2018,7,"Horta-Guinardó",33,"el Baix Guinardó","1 any",200
2018,7,"Horta-Guinardó",34,"Can Baró","1 any",116
2018,7,"Horta-Guinardó",35,"el Guinardó","1 any",264
2018,7,"Horta-Guinardó",36,"la Font d'en Fargues","1 any",94
2018,7,"Horta-Guinardó",37,"el Carmel","1 any",257
2018,7,"Horta-Guinardó",38,"la Teixonera","1 any",91
2018,7,"Horta-Guinardó",39,"Sant Genís dels Agudells","1 any",47
2018,7,"Horta-Guinardó",40,"Montbau","1 any",31
2018,7,"Horta-Guinardó",41,"la Vall d'Hebron","1 any",44
2018,7,"Horta-Guinardó",42,"la Clota","1 any",6
2018,7,"Horta-Guinardó",43,"Horta","1 any",226
2018,8,"Nou Barris",44,"Vilapicina i la Torre Llobeta","1 any",163
2018,8,"Nou Barris",45,"Porta","1 any",117
2018,8,"Nou Barris",46,"el Turó de la Peira","1 any",74
2018,8,"Nou Barris",47,"Can Peguera","1 any",14
2018,8,"Nou Barris",48,"la Guineueta","1 any",71
2018,8,"Nou Barris",49,"Canyelles","1 any",50
2018,8,"Nou Barris",50,"les Roquetes","1 any",63
2018,8,"Nou Barris",51,"Verdun","1 any",58
2018,8,"Nou Barris",52,"la Prosperitat","1 any",149
2018,8,"Nou Barris",53,"la Trinitat Nova","1 any",21
2018,8,"Nou Barris",54,"Torre Baró","1 any",15
2018,8,"Nou Barris",55,"Ciutat Meridiana","1 any",20
2018,8,"Nou Barris",56,"Vallbona","1 any",4
2018,9,"Sant Andreu",57,"la Trinitat Vella","1 any",45
2018,9,"Sant Andreu",58,"Baró de Viver","1 any",4
2018,9,"Sant Andreu",59,"el Bon Pastor","1 any",77
2018,9,"Sant Andreu",60,"Sant Andreu","1 any",380
2018,9,"Sant Andreu",61,"la Sagrera","1 any",155
2018,9,"Sant Andreu",62,"el Congrés i els Indians","1 any",64
2018,9,"Sant Andreu",63,"Navas","1 any",166
2018,10,"Sant Martí",64,"el Camp de l'Arpa del Clot","1 any",266
2018,10,"Sant Martí",65,"el Clot","1 any",181
2018,10,"Sant Martí",66,"el Parc i la Llacuna del Poblenou","1 any",111
2018,10,"Sant Martí",67,"la Vila Olímpica del Poblenou","1 any",95
2018,10,"Sant Martí",68,"el Poblenou","1 any",230
2018,10,"Sant Martí",69,"Diagonal Mar i el Front Marítim del Poblenou","1 any",108
2018,10,"Sant Martí",70,"el Besòs i el Maresme","1 any",94
2018,10,"Sant Martí",71,"Provençals del Poblenou","1 any",146
2018,10,"Sant Martí",72,"Sant Martí de Provençals","1 any",141
2018,10,"Sant Martí",73,"la Verneda i la Pau","1 any",139
2018,99,"No consta",99,"No consta","1 any",2
2018,1,"Ciutat Vella",1,"el Raval","2 anys",214
2018,1,"Ciutat Vella",2,"el Barri Gòtic","2 anys",162
2018,1,"Ciutat Vella",3,"la Barceloneta","2 anys",119
2018,1,"Ciutat Vella",4,"Sant Pere, Santa Caterina i la Ribera","2 anys",168
2018,2,"Eixample",5,"el Fort Pienc","2 anys",257
2018,2,"Eixample",6,"la Sagrada Família","2 anys",411
2018,2,"Eixample",7,"la Dreta de l'Eixample","2 anys",483
2018,2,"Eixample",8,"l'Antiga Esquerra de l'Eixample","2 anys",419
2018,2,"Eixample",9,"la Nova Esquerra de l'Eixample","2 anys",521
2018,2,"Eixample",10,"Sant Antoni","2 anys",298
2018,3,"Sants-Montjuïc",11,"el Poble Sec","2 anys",224
2018,3,"Sants-Montjuïc",12,"la Marina del Prat Vermell","2 anys",26
2018,3,"Sants-Montjuïc",13,"la Marina de Port","2 anys",250
2018,3,"Sants-Montjuïc",14,"la Font de la Guatlla","2 anys",92
2018,3,"Sants-Montjuïc",15,"Hostafrancs","2 anys",87
2018,3,"Sants-Montjuïc",16,"la Bordeta","2 anys",120
2018,3,"Sants-Montjuïc",17,"Sants - Badal","2 anys",150
2018,3,"Sants-Montjuïc",18,"Sants","2 anys",293
2018,4,"Les Corts",19,"les Corts","2 anys",437
2018,4,"Les Corts",20,"la Maternitat i Sant Ramon","2 anys",204
2018,4,"Les Corts",21,"Pedralbes","2 anys",153
2018,5,"Sarrià-Sant Gervasi",22,"Vallvidrera, el Tibidabo i les Planes","2 anys",48
2018,5,"Sarrià-Sant Gervasi",23,"Sarrià","2 anys",258
2018,5,"Sarrià-Sant Gervasi",24,"les Tres Torres","2 anys",194
2018,5,"Sarrià-Sant Gervasi",25,"Sant Gervasi - la Bonanova","2 anys",303
2018,5,"Sarrià-Sant Gervasi",26,"Sant Gervasi - Galvany","2 anys",674
2018,5,"Sarrià-Sant Gervasi",27,"el Putxet i el Farró","2 anys",303
2018,6,"Gràcia",28,"Vallcarca i els Penitents","2 anys",133
2018,6,"Gràcia",29,"el Coll","2 anys",58
2018,6,"Gràcia",30,"la Salut","2 anys",140
2018,6,"Gràcia",31,"la Vila de Gràcia","2 anys",435
2018,6,"Gràcia",32,"el Camp d'en Grassot i Gràcia Nova","2 anys",311
2018,7,"Horta-Guinardó",33,"el Baix Guinardó","2 anys",221
2018,7,"Horta-Guinardó",34,"Can Baró","2 anys",82
2018,7,"Horta-Guinardó",35,"el Guinardó","2 anys",275
2018,7,"Horta-Guinardó",36,"la Font d'en Fargues","2 anys",89
2018,7,"Horta-Guinardó",37,"el Carmel","2 anys",218
2018,7,"Horta-Guinardó",38,"la Teixonera","2 anys",112
2018,7,"Horta-Guinardó",39,"Sant Genís dels Agudells","2 anys",64
2018,7,"Horta-Guinardó",40,"Montbau","2 anys",34
2018,7,"Horta-Guinardó",41,"la Vall d'Hebron","2 anys",36
2018,7,"Horta-Guinardó",42,"la Clota","2 anys",4
2018,7,"Horta-Guinardó",43,"Horta","2 anys",210
2018,8,"Nou Barris",44,"Vilapicina i la Torre Llobeta","2 anys",163
2018,8,"Nou Barris",45,"Porta","2 anys",127
2018,8,"Nou Barris",46,"el Turó de la Peira","2 anys",66
2018,8,"Nou Barris",47,"Can Peguera","2 anys",11
2018,8,"Nou Barris",48,"la Guineueta","2 anys",81
2018,8,"Nou Barris",49,"Canyelles","2 anys",43
2018,8,"Nou Barris",50,"les Roquetes","2 anys",60
2018,8,"Nou Barris",51,"Verdun","2 anys",54
2018,8,"Nou Barris",52,"la Prosperitat","2 anys",129
2018,8,"Nou Barris",53,"la Trinitat Nova","2 anys",33
2018,8,"Nou Barris",54,"Torre Baró","2 anys",7
2018,8,"Nou Barris",55,"Ciutat Meridiana","2 anys",29
2018,8,"Nou Barris",56,"Vallbona","2 anys",6
2018,9,"Sant Andreu",57,"la Trinitat Vella","2 anys",38
2018,9,"Sant Andreu",58,"Baró de Viver","2 anys",11
2018,9,"Sant Andreu",59,"el Bon Pastor","2 anys",65
2018,9,"Sant Andreu",60,"Sant Andreu","2 anys",382
2018,9,"Sant Andreu",61,"la Sagrera","2 anys",192
2018,9,"Sant Andreu",62,"el Congrés i els Indians","2 anys",73
2018,9,"Sant Andreu",63,"Navas","2 anys",121
2018,10,"Sant Martí",64,"el Camp de l'Arpa del Clot","2 anys",266
2018,10,"Sant Martí",65,"el Clot","2 anys",205
2018,10,"Sant Martí",66,"el Parc i la Llacuna del Poblenou","2 anys",117
2018,10,"Sant Martí",67,"la Vila Olímpica del Poblenou","2 anys",94
2018,10,"Sant Martí",68,"el Poblenou","2 anys",234
2018,10,"Sant Martí",69,"Diagonal Mar i el Front Marítim del Poblenou","2 anys",121
2018,10,"Sant Martí",70,"el Besòs i el Maresme","2 anys",85
2018,10,"Sant Martí",71,"Provençals del Poblenou","2 anys",157
2018,10,"Sant Martí",72,"Sant Martí de Provençals","2 anys",152
2018,10,"Sant Martí",73,"la Verneda i la Pau","2 anys",152
2018,99,"No consta",99,"No consta","2 anys",1
2018,1,"Ciutat Vella",1,"el Raval","3 anys",160
2018,1,"Ciutat Vella",2,"el Barri Gòtic","3 anys",277
2018,1,"Ciutat Vella",3,"la Barceloneta","3 anys",79
2018,1,"Ciutat Vella",4,"Sant Pere, Santa Caterina i la Ribera","3 anys",134
2018,2,"Eixample",5,"el Fort Pienc","3 anys",215
2018,2,"Eixample",6,"la Sagrada Família","3 anys",347
2018,2,"Eixample",7,"la Dreta de l'Eixample","3 anys",443
2018,2,"Eixample",8,"l'Antiga Esquerra de l'Eixample","3 anys",429
2018,2,"Eixample",9,"la Nova Esquerra de l'Eixample","3 anys",447
2018,2,"Eixample",10,"Sant Antoni","3 anys",259
2018,3,"Sants-Montjuïc",11,"el Poble Sec","3 anys",207
2018,3,"Sants-Montjuïc",12,"la Marina del Prat Vermell","3 anys",23
2018,3,"Sants-Montjuïc",13,"la Marina de Port","3 anys",194
2018,3,"Sants-Montjuïc",14,"la Font de la Guatlla","3 anys",67
2018,3,"Sants-Montjuïc",15,"Hostafrancs","3 anys",89
2018,3,"Sants-Montjuïc",16,"la Bordeta","3 anys",123
2018,3,"Sants-Montjuïc",17,"Sants - Badal","3 anys",120
2018,3,"Sants-Montjuïc",18,"Sants","3 anys",265
2018,4,"Les Corts",19,"les Corts","3 anys",399
2018,4,"Les Corts",20,"la Maternitat i Sant Ramon","3 anys",202
2018,4,"Les Corts",21,"Pedralbes","3 anys",114
2018,5,"Sarrià-Sant Gervasi",22,"Vallvidrera, el Tibidabo i les Planes","3 anys",38
2018,5,"Sarrià-Sant Gervasi",23,"Sarrià","3 anys",268
2018,5,"Sarrià-Sant Gervasi",24,"les Tres Torres","3 anys",213
2018,5,"Sarrià-Sant Gervasi",25,"Sant Gervasi - la Bonanova","3 anys",278
2018,5,"Sarrià-Sant Gervasi",26,"Sant Gervasi - Galvany","3 anys",543
2018,5,"Sarrià-Sant Gervasi",27,"el Putxet i el Farró","3 anys",322
2018,6,"Gràcia",28,"Vallcarca i els Penitents","3 anys",136
2018,6,"Gràcia",29,"el Coll","3 anys",61
2018,6,"Gràcia",30,"la Salut","3 anys",109
2018,6,"Gràcia",31,"la Vila de Gràcia","3 anys",364
2018,6,"Gràcia",32,"el Camp d'en Grassot i Gràcia Nova","3 anys",259
2018,7,"Horta-Guinardó",33,"el Baix Guinardó","3 anys",187
2018,7,"Horta-Guinardó",34,"Can Baró","3 anys",72
2018,7,"Horta-Guinardó",35,"el Guinardó","3 anys",259
2018,7,"Horta-Guinardó",36,"la Font d'en Fargues","3 anys",81
2018,7,"Horta-Guinardó",37,"el Carmel","3 anys",219
2018,7,"Horta-Guinardó",38,"la Teixonera","3 anys",94
2018,7,"Horta-Guinardó",39,"Sant Genís dels Agudells","3 anys",49
2018,7,"Horta-Guinardó",40,"Montbau","3 anys",29
2018,7,"Horta-Guinardó",41,"la Vall d'Hebron","3 anys",33
2018,7,"Horta-Guinardó",42,"la Clota","3 anys",3
2018,7,"Horta-Guinardó",43,"Horta","3 anys",180
2018,8,"Nou Barris",44,"Vilapicina i la Torre Llobeta","3 anys",129
2018,8,"Nou Barris",45,"Porta","3 anys",130
2018,8,"Nou Barris",46,"el Turó de la Peira","3 anys",62
2018,8,"Nou Barris",47,"Can Peguera","3 anys",11
2018,8,"Nou Barris",48,"la Guineueta","3 anys",91
2018,8,"Nou Barris",49,"Canyelles","3 anys",43
2018,8,"Nou Barris",50,"les Roquetes","3 anys",77
2018,8,"Nou Barris",51,"Verdun","3 anys",46
2018,8,"Nou Barris",52,"la Prosperitat","3 anys",137
2018,8,"Nou Barris",53,"la Trinitat Nova","3 anys",28
2018,8,"Nou Barris",54,"Torre Baró","3 anys",12
2018,8,"Nou Barris",55,"Ciutat Meridiana","3 anys",23
2018,8,"Nou Barris",56,"Vallbona","3 anys",2
2018,9,"Sant Andreu",57,"la Trinitat Vella","3 anys",26
2018,9,"Sant Andreu",58,"Baró de Viver","3 anys",8
2018,9,"Sant Andreu",59,"el Bon Pastor","3 anys",68
2018,9,"Sant Andreu",60,"Sant Andreu","3 anys",325
2018,9,"Sant Andreu",61,"la Sagrera","3 anys",161
2018,9,"Sant Andreu",62,"el Congrés i els Indians","3 anys",59
2018,9,"Sant Andreu",63,"Navas","3 anys",120
2018,10,"Sant Martí",64,"el Camp de l'Arpa del Clot","3 anys",232
2018,10,"Sant Martí",65,"el Clot","3 anys",146
2018,10,"Sant Martí",66,"el Parc i la Llacuna del Poblenou","3 anys",112
2018,10,"Sant Martí",67,"la Vila Olímpica del Poblenou","3 anys",86
2018,10,"Sant Martí",68,"el Poblenou","3 anys",234
2018,10,"Sant Martí",69,"Diagonal Mar i el Front Marítim del Poblenou","3 anys",106
2018,10,"Sant Martí",70,"el Besòs i el Maresme","3 anys",66
2018,10,"Sant Martí",71,"Provençals del Poblenou","3 anys",127
2018,10,"Sant Martí",72,"Sant Martí de Provençals","3 anys",132
2018,10,"Sant Martí",73,"la Verneda i la Pau","3 anys",118
2018,99,"No consta",99,"No consta","3 anys",1
2018,1,"Ciutat Vella",1,"el Raval","4 anys",141
2018,1,"Ciutat Vella",2,"el Barri Gòtic","4 anys",165
2018,1,"Ciutat Vella",3,"la Barceloneta","4 anys",65
2018,1,"Ciutat Vella",4,"Sant Pere, Santa Caterina i la Ribera","4 anys",116
2018,2,"Eixample",5,"el Fort Pienc","4 anys",176
2018,2,"Eixample",6,"la Sagrada Família","4 anys",322
2018,2,"Eixample",7,"la Dreta de l'Eixample","4 anys",398
2018,2,"Eixample",8,"l'Antiga Esquerra de l'Eixample","4 anys",370
2018,2,"Eixample",9,"la Nova Esquerra de l'Eixample","4 anys",371
2018,2,"Eixample",10,"Sant Antoni","4 anys",173
2018,3,"Sants-Montjuïc",11,"el Poble Sec","4 anys",178
2018,3,"Sants-Montjuïc",12,"la Marina del Prat Vermell","4 anys",12
2018,3,"Sants-Montjuïc",13,"la Marina de Port","4 anys",166
2018,3,"Sants-Montjuïc",14,"la Font de la Guatlla","4 anys",64
2018,3,"Sants-Montjuïc",15,"Hostafrancs","4 anys",84
2018,3,"Sants-Montjuïc",16,"la Bordeta","4 anys",101
2018,3,"Sants-Montjuïc",17,"Sants - Badal","4 anys",105
2018,3,"Sants-Montjuïc",18,"Sants","4 anys",204
2018,4,"Les Corts",19,"les Corts","4 anys",324
2018,4,"Les Corts",20,"la Maternitat i Sant Ramon","4 anys",154
2018,4,"Les Corts",21,"Pedralbes","4 anys",127
2018,5,"Sarrià-Sant Gervasi",22,"Vallvidrera, el Tibidabo i les Planes","4 anys",44
2018,5,"Sarrià-Sant Gervasi",23,"Sarrià","4 anys",253
2018,5,"Sarrià-Sant Gervasi",24,"les Tres Torres","4 anys",193
2018,5,"Sarrià-Sant Gervasi",25,"Sant Gervasi - la Bonanova","4 anys",282
2018,5,"Sarrià-Sant Gervasi",26,"Sant Gervasi - Galvany","4 anys",520
2018,5,"Sarrià-Sant Gervasi",27,"el Putxet i el Farró","4 anys",257
2018,6,"Gràcia",28,"Vallcarca i els Penitents","4 anys",124
2018,6,"Gràcia",29,"el Coll","4 anys",57
2018,6,"Gràcia",30,"la Salut","4 anys",100
2018,6,"Gràcia",31,"la Vila de Gràcia","4 anys",301
2018,6,"Gràcia",32,"el Camp d'en Grassot i Gràcia Nova","4 anys",214
2018,7,"Horta-Guinardó",33,"el Baix Guinardó","4 anys",164
2018,7,"Horta-Guinardó",34,"Can Baró","4 anys",83
2018,7,"Horta-Guinardó",35,"el Guinardó","4 anys",204
2018,7,"Horta-Guinardó",36,"la Font d'en Fargues","4 anys",83
2018,7,"Horta-Guinardó",37,"el Carmel","4 anys",186
2018,7,"Horta-Guinardó",38,"la Teixonera","4 anys",79
2018,7,"Horta-Guinardó",39,"Sant Genís dels Agudells","4 anys",30
2018,7,"Horta-Guinardó",40,"Montbau","4 anys",27
2018,7,"Horta-Guinardó",41,"la Vall d'Hebron","4 anys",33
2018,7,"Horta-Guinardó",42,"la Clota","4 anys",2
2018,7,"Horta-Guinardó",43,"Horta","4 anys",160
2018,8,"Nou Barris",44,"Vilapicina i la Torre Llobeta","4 anys",114
2018,8,"Nou Barris",45,"Porta","4 anys",106
2018,8,"Nou Barris",46,"el Turó de la Peira","4 anys",58
2018,8,"Nou Barris",47,"Can Peguera","4 anys",7
2018,8,"Nou Barris",48,"la Guineueta","4 anys",65
2018,8,"Nou Barris",49,"Canyelles","4 anys",28
2018,8,"Nou Barris",50,"les Roquetes","4 anys",56
2018,8,"Nou Barris",51,"Verdun","4 anys",45
2018,8,"Nou Barris",52,"la Prosperitat","4 anys",98
2018,8,"Nou Barris",53,"la Trinitat Nova","4 anys",14
2018,8,"Nou Barris",54,"Torre Baró","4 anys",8
2018,8,"Nou Barris",55,"Ciutat Meridiana","4 anys",13
2018,8,"Nou Barris",56,"Vallbona","4 anys",7
2018,9,"Sant Andreu",57,"la Trinitat Vella","4 anys",29
2018,9,"Sant Andreu",58,"Baró de Viver","4 anys",8
2018,9,"Sant Andreu",59,"el Bon Pastor","4 anys",62
2018,9,"Sant Andreu",60,"Sant Andreu","4 anys",291
2018,9,"Sant Andreu",61,"la Sagrera","4 anys",139
2018,9,"Sant Andreu",62,"el Congrés i els Indians","4 anys",64
2018,9,"Sant Andreu",63,"Navas","4 anys",101
2018,10,"Sant Martí",64,"el Camp de l'Arpa del Clot","4 anys",174
2018,10,"Sant Martí",65,"el Clot","4 anys",133
2018,10,"Sant Martí",66,"el Parc i la Llacuna del Poblenou","4 anys",94
2018,10,"Sant Martí",67,"la Vila Olímpica del Poblenou","4 anys",71
2018,10,"Sant Martí",68,"el Poblenou","4 anys",167
2018,10,"Sant Martí",69,"Diagonal Mar i el Front Marítim del Poblenou","4 anys",87
2018,10,"Sant Martí",70,"el Besòs i el Maresme","4 anys",65
2018,10,"Sant Martí",71,"Provençals del Poblenou","4 anys",127
2018,10,"Sant Martí",72,"Sant Martí de Provençals","4 anys",112
2018,10,"Sant Martí",73,"la Verneda i la Pau","4 anys",119
2018,99,"No consta",99,"No consta","4 anys",0
2018,1,"Ciutat Vella",1,"el Raval","5 anys",107
2018,1,"Ciutat Vella",2,"el Barri Gòtic","5 anys",208
2018,1,"Ciutat Vella",3,"la Barceloneta","5 anys",301
2018,1,"Ciutat Vella",4,"Sant Pere, Santa Caterina i la Ribera","5 anys",139
2018,2,"Eixample",5,"el Fort Pienc","5 anys",149
2018,2,"Eixample",6,"la Sagrada Família","5 anys",272
2018,2,"Eixample",7,"la Dreta de l'Eixample","5 anys",344
2018,2,"Eixample",8,"l'Antiga Esquerra de l'Eixample","5 anys",319
2018,2,"Eixample",9,"la Nova Esquerra de l'Eixample","5 anys",299
2018,2,"Eixample",10,"Sant Antoni","5 anys",186
2018,3,"Sants-Montjuïc",11,"el Poble Sec","5 anys",144
2018,3,"Sants-Montjuïc",12,"la Marina del Prat Vermell","5 anys",9
2018,3,"Sants-Montjuïc",13,"la Marina de Port","5 anys",140
2018,3,"Sants-Montjuïc",14,"la Font de la Guatlla","5 anys",62
2018,3,"Sants-Montjuïc",15,"Hostafrancs","5 anys",66
2018,3,"Sants-Montjuïc",16,"la Bordeta","5 anys",89
2018,3,"Sants-Montjuïc",17,"Sants - Badal","5 anys",99
2018,3,"Sants-Montjuïc",18,"Sants","5 anys",172
2018,4,"Les Corts",19,"les Corts","5 anys",277
2018,4,"Les Corts",20,"la Maternitat i Sant Ramon","5 anys",125
2018,4,"Les Corts",21,"Pedralbes","5 anys",90
2018,5,"Sarrià-Sant Gervasi",22,"Vallvidrera, el Tibidabo i les Planes","5 anys",30
2018,5,"Sarrià-Sant Gervasi",23,"Sarrià","5 anys",220
2018,5,"Sarrià-Sant Gervasi",24,"les Tres Torres","5 anys",169
2018,5,"Sarrià-Sant Gervasi",25,"Sant Gervasi - la Bonanova","5 anys",267
2018,5,"Sarrià-Sant Gervasi",26,"Sant Gervasi - Galvany","5 anys",463
2018,5,"Sarrià-Sant Gervasi",27,"el Putxet i el Farró","5 anys",245
2018,6,"Gràcia",28,"Vallcarca i els Penitents","5 anys",101
2018,6,"Gràcia",29,"el Coll","5 anys",50
2018,6,"Gràcia",30,"la Salut","5 anys",100
2018,6,"Gràcia",31,"la Vila de Gràcia","5 anys",287
2018,6,"Gràcia",32,"el Camp d'en Grassot i Gràcia Nova","5 anys",176
2018,7,"Horta-Guinardó",33,"el Baix Guinardó","5 anys",124
2018,7,"Horta-Guinardó",34,"Can Baró","5 anys",64
2018,7,"Horta-Guinardó",35,"el Guinardó","5 anys",165
2018,7,"Horta-Guinardó",36,"la Font d'en Fargues","5 anys",80
2018,7,"Horta-Guinardó",37,"el Carmel","5 anys",147
2018,7,"Horta-Guinardó",38,"la Teixonera","5 anys",66
2018,7,"Horta-Guinardó",39,"Sant Genís dels Agudells","5 anys",32
2018,7,"Horta-Guinardó",40,"Montbau","5 anys",26
2018,7,"Horta-Guinardó",41,"la Vall d'Hebron","5 anys",20
2018,7,"Horta-Guinardó",42,"la Clota","5 anys",1
2018,7,"Horta-Guinardó",43,"Horta","5 anys",136
2018,8,"Nou Barris",44,"Vilapicina i la Torre Llobeta","5 anys",100
2018,8,"Nou Barris",45,"Porta","5 anys",88
2018,8,"Nou Barris",46,"el Turó de la Peira","5 anys",41
2018,8,"Nou Barris",47,"Can Peguera","5 anys",3
2018,8,"Nou Barris",48,"la Guineueta","5 anys",59
2018,8,"Nou Barris",49,"Canyelles","5 anys",30
2018,8,"Nou Barris",50,"les Roquetes","5 anys",39
2018,8,"Nou Barris",51,"Verdun","5 anys",39
2018,8,"Nou Barris",52,"la Prosperitat","5 anys",96
2018,8,"Nou Barris",53,"la Trinitat Nova","5 anys",21
2018,8,"Nou Barris",54,"Torre Baró","5 anys",11
2018,8,"Nou Barris",55,"Ciutat Meridiana","5 anys",10
2018,8,"Nou Barris",56,"Vallbona","5 anys",4
2018,9,"Sant Andreu",57,"la Trinitat Vella","5 anys",21
2018,9,"Sant Andreu",58,"Baró de Viver","5 anys",9
2018,9,"Sant Andreu",59,"el Bon Pastor","5 anys",45
2018,9,"Sant Andreu",60,"Sant Andreu","5 anys",270
2018,9,"Sant Andreu",61,"la Sagrera","5 anys",103
2018,9,"Sant Andreu",62,"el Congrés i els Indians","5 anys",55
2018,9,"Sant Andreu",63,"Navas","5 anys",105
2018,10,"Sant Martí",64,"el Camp de l'Arpa del Clot","5 anys",188
2018,10,"Sant Martí",65,"el Clot","5 anys",107
2018,10,"Sant Martí",66,"el Parc i la Llacuna del Poblenou","5 anys",78
2018,10,"Sant Martí",67,"la Vila Olímpica del Poblenou","5 anys",64
2018,10,"Sant Martí",68,"el Poblenou","5 anys",155
2018,10,"Sant Martí",69,"Diagonal Mar i el Front Marítim del Poblenou","5 anys",74
2018,10,"Sant Martí",70,"el Besòs i el Maresme","5 anys",52
2018,10,"Sant Martí",71,"Provençals del Poblenou","5 anys",117
2018,10,"Sant Martí",72,"Sant Martí de Provençals","5 anys",101
2018,10,"Sant Martí",73,"la Verneda i la Pau","5 anys",98
2018,99,"No consta",99,"No consta","5 anys",1
2018,1,"Ciutat Vella",1,"el Raval","6 anys",138
2018,1,"Ciutat Vella",2,"el Barri Gòtic","6 anys",241
2018,1,"Ciutat Vella",3,"la Barceloneta","6 anys",67
2018,1,"Ciutat Vella",4,"Sant Pere, Santa Caterina i la Ribera","6 anys",99
2018,2,"Eixample",5,"el Fort Pienc","6 anys",179
2018,2,"Eixample",6,"la Sagrada Família","6 anys",250
2018,2,"Eixample",7,"la Dreta de l'Eixample","6 anys",305
2018,2,"Eixample",8,"l'Antiga Esquerra de l'Eixample","6 anys",293
2018,2,"Eixample",9,"la Nova Esquerra de l'Eixample","6 anys",325
2018,2,"Eixample",10,"Sant Antoni","6 anys",165
2018,3,"Sants-Montjuïc",11,"el Poble Sec","6 anys",154
2018,3,"Sants-Montjuïc",12,"la Marina del Prat Vermell","6 anys",17
2018,3,"Sants-Montjuïc",13,"la Marina de Port","6 anys",142
2018,3,"Sants-Montjuïc",14,"la Font de la Guatlla","6 anys",41
2018,3,"Sants-Montjuïc",15,"Hostafrancs","6 anys",71
2018,3,"Sants-Montjuïc",16,"la Bordeta","6 anys",85
2018,3,"Sants-Montjuïc",17,"Sants - Badal","6 anys",110
2018,3,"Sants-Montjuïc",18,"Sants","6 anys",204
2018,4,"Les Corts",19,"les Corts","6 anys",292
2018,4,"Les Corts",20,"la Maternitat i Sant Ramon","6 anys",146
2018,4,"Les Corts",21,"Pedralbes","6 anys",110
2018,5,"Sarrià-Sant Gervasi",22,"Vallvidrera, el Tibidabo i les Planes","6 anys",32
2018,5,"Sarrià-Sant Gervasi",23,"Sarrià","6 anys",228
2018,5,"Sarrià-Sant Gervasi",24,"les Tres Torres","6 anys",169
2018,5,"Sarrià-Sant Gervasi",25,"Sant Gervasi - la Bonanova","6 anys",240
2018,5,"Sarrià-Sant Gervasi",26,"Sant Gervasi - Galvany","6 anys",548
2018,5,"Sarrià-Sant Gervasi",27,"el Putxet i el Farró","6 anys",265
2018,6,"Gràcia",28,"Vallcarca i els Penitents","6 anys",118
2018,6,"Gràcia",29,"el Coll","6 anys",48
2018,6,"Gràcia",30,"la Salut","6 anys",90
2018,6,"Gràcia",31,"la Vila de Gràcia","6 anys",304
2018,6,"Gràcia",32,"el Camp d'en Grassot i Gràcia Nova","6 anys",181
2018,7,"Horta-Guinardó",33,"el Baix Guinardó","6 anys",153
2018,7,"Horta-Guinardó",34,"Can Baró","6 anys",55
2018,7,"Horta-Guinardó",35,"el Guinardó","6 anys",188
2018,7,"Horta-Guinardó",36,"la Font d'en Fargues","6 anys",78
2018,7,"Horta-Guinardó",37,"el Carmel","6 anys",158
2018,7,"Horta-Guinardó",38,"la Teixonera","6 anys",59
2018,7,"Horta-Guinardó",39,"Sant Genís dels Agudells","6 anys",20
2018,7,"Horta-Guinardó",40,"Montbau","6 anys",19
2018,7,"Horta-Guinardó",41,"la Vall d'Hebron","6 anys",24
2018,7,"Horta-Guinardó",42,"la Clota","6 anys",0
2018,7,"Horta-Guinardó",43,"Horta","6 anys",148
2018,8,"Nou Barris",44,"Vilapicina i la Torre Llobeta","6 anys",108
2018,8,"Nou Barris",45,"Porta","6 anys",88
2018,8,"Nou Barris",46,"el Turó de la Peira","6 anys",44
2018,8,"Nou Barris",47,"Can Peguera","6 anys",10
2018,8,"Nou Barris",48,"la Guineueta","6 anys",61
2018,8,"Nou Barris",49,"Canyelles","6 anys",32
2018,8,"Nou Barris",50,"les Roquetes","6 anys",43
2018,8,"Nou Barris",51,"Verdun","6 anys",45
2018,8,"Nou Barris",52,"la Prosperitat","6 anys",100
2018,8,"Nou Barris",53,"la Trinitat Nova","6 anys",14
2018,8,"Nou Barris",54,"Torre Baró","6 anys",12
2018,8,"Nou Barris",55,"Ciutat Meridiana","6 anys",15
2018,8,"Nou Barris",56,"Vallbona","6 anys",4
2018,9,"Sant Andreu",57,"la Trinitat Vella","6 anys",31
2018,9,"Sant Andreu",58,"Baró de Viver","6 anys",5
2018,9,"Sant Andreu",59,"el Bon Pastor","6 anys",52
2018,9,"Sant Andreu",60,"Sant Andreu","6 anys",262
2018,9,"Sant Andreu",61,"la Sagrera","6 anys",124
2018,9,"Sant Andreu",62,"el Congrés i els Indians","6 anys",63
2018,9,"Sant Andreu",63,"Navas","6 anys",91
2018,10,"Sant Martí",64,"el Camp de l'Arpa del Clot","6 anys",180
2018,10,"Sant Martí",65,"el Clot","6 anys",129
2018,10,"Sant Martí",66,"el Parc i la Llacuna del Poblenou","6 anys",74
2018,10,"Sant Martí",67,"la Vila Olímpica del Poblenou","6 anys",62
2018,10,"Sant Martí",68,"el Poblenou","6 anys",173
2018,10,"Sant Martí",69,"Diagonal Mar i el Front Marítim del Poblenou","6 anys",80
2018,10,"Sant Martí",70,"el Besòs i el Maresme","6 anys",54
2018,10,"Sant Martí",71,"Provençals del Poblenou","6 anys",90
2018,10,"Sant Martí",72,"Sant Martí de Provençals","6 anys",130
2018,10,"Sant Martí",73,"la Verneda i la Pau","6 anys",91
2018,99,"No consta",99,"No consta","6 anys",0
2018,1,"Ciutat Vella",1,"el Raval","7 anys",151
2018,1,"Ciutat Vella",2,"el Barri Gòtic","7 anys",305
2018,1,"Ciutat Vella",3,"la Barceloneta","7 anys",100
2018,1,"Ciutat Vella",4,"Sant Pere, Santa Caterina i la Ribera","7 anys",92
2018,2,"Eixample",5,"el Fort Pienc","7 anys",181
2018,2,"Eixample",6,"la Sagrada Família","7 anys",337
2018,2,"Eixample",7,"la Dreta de l'Eixample","7 anys",388
2018,2,"Eixample",8,"l'Antiga Esquerra de l'Eixample","7 anys",303
2018,2,"Eixample",9,"la Nova Esquerra de l'Eixample","7 anys",405
2018,2,"Eixample",10,"Sant Antoni","7 anys",234
2018,3,"Sants-Montjuïc",11,"el Poble Sec","7 anys",210
2018,3,"Sants-Montjuïc",12,"la Marina del Prat Vermell","7 anys",9
2018,3,"Sants-Montjuïc",13,"la Marina de Port","7 anys",184
2018,3,"Sants-Montjuïc",14,"la Font de la Guatlla","7 anys",61
2018,3,"Sants-Montjuïc",15,"Hostafrancs","7 anys",67
2018,3,"Sants-Montjuïc",16,"la Bordeta","7 anys",79
2018,3,"Sants-Montjuïc",17,"Sants - Badal","7 anys",124
2018,3,"Sants-Montjuïc",18,"Sants","7 anys",228
2018,4,"Les Corts",19,"les Corts","7 anys",325
2018,4,"Les Corts",20,"la Maternitat i Sant Ramon","7 anys",185
2018,4,"Les Corts",21,"Pedralbes","7 anys",126
2018,5,"Sarrià-Sant Gervasi",22,"Vallvidrera, el Tibidabo i les Planes","7 anys",37
2018,5,"Sarrià-Sant Gervasi",23,"Sarrià","7 anys",243
2018,5,"Sarrià-Sant Gervasi",24,"les Tres Torres","7 anys",196
2018,5,"Sarrià-Sant Gervasi",25,"Sant Gervasi - la Bonanova","7 anys",263
2018,5,"Sarrià-Sant Gervasi",26,"Sant Gervasi - Galvany","7 anys",461
2018,5,"Sarrià-Sant Gervasi",27,"el Putxet i el Farró","7 anys",260
2018,6,"Gràcia",28,"Vallcarca i els Penitents","7 anys",139
2018,6,"Gràcia",29,"el Coll","7 anys",61
2018,6,"Gràcia",30,"la Salut","7 anys",94
2018,6,"Gràcia",31,"la Vila de Gràcia","7 anys",289
2018,6,"Gràcia",32,"el Camp d'en Grassot i Gràcia Nova","7 anys",243
2018,7,"Horta-Guinardó",33,"el Baix Guinardó","7 anys",153
2018,7,"Horta-Guinardó",34,"Can Baró","7 anys",65
2018,7,"Horta-Guinardó",35,"el Guinardó","7 anys",198
2018,7,"Horta-Guinardó",36,"la Font d'en Fargues","7 anys",97
2018,7,"Horta-Guinardó",37,"el Carmel","7 anys",186
2018,7,"Horta-Guinardó",38,"la Teixonera","7 anys",79
2018,7,"Horta-Guinardó",39,"Sant Genís dels Agudells","7 anys",37
2018,7,"Horta-Guinardó",40,"Montbau","7 anys",24
2018,7,"Horta-Guinardó",41,"la Vall d'Hebron","7 anys",24
2018,7,"Horta-Guinardó",42,"la Clota","7 anys",3
2018,7,"Horta-Guinardó",43,"Horta","7 anys",165
2018,8,"Nou Barris",44,"Vilapicina i la Torre Llobeta","7 anys",124
2018,8,"Nou Barris",45,"Porta","7 anys",93
2018,8,"Nou Barris",46,"el Turó de la Peira","7 anys",57
2018,8,"Nou Barris",47,"Can Peguera","7 anys",6
2018,8,"Nou Barris",48,"la Guineueta","7 anys",53
2018,8,"Nou Barris",49,"Canyelles","7 anys",40
2018,8,"Nou Barris",50,"les Roquetes","7 anys",53
2018,8,"Nou Barris",51,"Verdun","7 anys",45
2018,8,"Nou Barris",52,"la Prosperitat","7 anys",93
2018,8,"Nou Barris",53,"la Trinitat Nova","7 anys",13
2018,8,"Nou Barris",54,"Torre Baró","7 anys",7
2018,8,"Nou Barris",55,"Ciutat Meridiana","7 anys",14
2018,8,"Nou Barris",56,"Vallbona","7 anys",5
2018,9,"Sant Andreu",57,"la Trinitat Vella","7 anys",35
2018,9,"Sant Andreu",58,"Baró de Viver","7 anys",7
2018,9,"Sant Andreu",59,"el Bon Pastor","7 anys",65
2018,9,"Sant Andreu",60,"Sant Andreu","7 anys",288
2018,9,"Sant Andreu",61,"la Sagrera","7 anys",125
2018,9,"Sant Andreu",62,"el Congrés i els Indians","7 anys",64
2018,9,"Sant Andreu",63,"Navas","7 anys",104
2018,10,"Sant Martí",64,"el Camp de l'Arpa del Clot","7 anys",191
2018,10,"Sant Martí",65,"el Clot","7 anys",132
2018,10,"Sant Martí",66,"el Parc i la Llacuna del Poblenou","7 anys",82
2018,10,"Sant Martí",67,"la Vila Olímpica del Poblenou","7 anys",82
2018,10,"Sant Martí",68,"el Poblenou","7 anys",187
2018,10,"Sant Martí",69,"Diagonal Mar i el Front Marítim del Poblenou","7 anys",81
2018,10,"Sant Martí",70,"el Besòs i el Maresme","7 anys",74
2018,10,"Sant Martí",71,"Provençals del Poblenou","7 anys",102
2018,10,"Sant Martí",72,"Sant Martí de Provençals","7 anys",115
2018,10,"Sant Martí",73,"la Verneda i la Pau","7 anys",126
2018,99,"No consta",99,"No consta","7 anys",1
2018,1,"Ciutat Vella",1,"el Raval","8 anys",167
2018,1,"Ciutat Vella",2,"el Barri Gòtic","8 anys",270
2018,1,"Ciutat Vella",3,"la Barceloneta","8 anys",108
2018,1,"Ciutat Vella",4,"Sant Pere, Santa Caterina i la Ribera","8 anys",123
2018,2,"Eixample",5,"el Fort Pienc","8 anys",220
2018,2,"Eixample",6,"la Sagrada Família","8 anys",388
2018,2,"Eixample",7,"la Dreta de l'Eixample","8 anys",437
2018,2,"Eixample",8,"l'Antiga Esquerra de l'Eixample","8 anys",408
2018,2,"Eixample",9,"la Nova Esquerra de l'Eixample","8 anys",487
2018,2,"Eixample",10,"Sant Antoni","8 anys",271
2018,3,"Sants-Montjuïc",11,"el Poble Sec","8 anys",231
2018,3,"Sants-Montjuïc",12,"la Marina del Prat Vermell","8 anys",32
2018,3,"Sants-Montjuïc",13,"la Marina de Port","8 anys",201
2018,3,"Sants-Montjuïc",14,"la Font de la Guatlla","8 anys",73
2018,3,"Sants-Montjuïc",15,"Hostafrancs","8 anys",96
2018,3,"Sants-Montjuïc",16,"la Bordeta","8 anys",135
2018,3,"Sants-Montjuïc",17,"Sants - Badal","8 anys",162
2018,3,"Sants-Montjuïc",18,"Sants","8 anys",318
2018,4,"Les Corts",19,"les Corts","8 anys",405
2018,4,"Les Corts",20,"la Maternitat i Sant Ramon","8 anys",210
2018,4,"Les Corts",21,"Pedralbes","8 anys",153
2018,5,"Sarrià-Sant Gervasi",22,"Vallvidrera, el Tibidabo i les Planes","8 anys",58
2018,5,"Sarrià-Sant Gervasi",23,"Sarrià","8 anys",378
2018,5,"Sarrià-Sant Gervasi",24,"les Tres Torres","8 anys",257
2018,5,"Sarrià-Sant Gervasi",25,"Sant Gervasi - la Bonanova","8 anys",326
2018,5,"Sarrià-Sant Gervasi",26,"Sant Gervasi - Galvany","8 anys",672
2018,5,"Sarrià-Sant Gervasi",27,"el Putxet i el Farró","8 anys",358
2018,6,"Gràcia",28,"Vallcarca i els Penitents","8 anys",167
2018,6,"Gràcia",29,"el Coll","8 anys",67
2018,6,"Gràcia",30,"la Salut","8 anys",141
2018,6,"Gràcia",31,"la Vila de Gràcia","8 anys",451
2018,6,"Gràcia",32,"el Camp d'en Grassot i Gràcia Nova","8 anys",327
2018,7,"Horta-Guinardó",33,"el Baix Guinardó","8 anys",235
2018,7,"Horta-Guinardó",34,"Can Baró","8 anys",80
2018,7,"Horta-Guinardó",35,"el Guinardó","8 anys",268
2018,7,"Horta-Guinardó",36,"la Font d'en Fargues","8 anys",114
2018,7,"Horta-Guinardó",37,"el Carmel","8 anys",228
2018,7,"Horta-Guinardó",38,"la Teixonera","8 anys",89
2018,7,"Horta-Guinardó",39,"Sant Genís dels Agudells","8 anys",54
2018,7,"Horta-Guinardó",40,"Montbau","8 anys",28
2018,7,"Horta-Guinardó",41,"la Vall d'Hebron","8 anys",27
2018,7,"Horta-Guinardó",42,"la Clota","8 anys",3
2018,7,"Horta-Guinardó",43,"Horta","8 anys",179
2018,8,"Nou Barris",44,"Vilapicina i la Torre Llobeta","8 anys",133
2018,8,"Nou Barris",45,"Porta","8 anys",139
2018,8,"Nou Barris",46,"el Turó de la Peira","8 anys",89
2018,8,"Nou Barris",47,"Can Peguera","8 anys",13
2018,8,"Nou Barris",48,"la Guineueta","8 anys",68
2018,8,"Nou Barris",49,"Canyelles","8 anys",45
2018,8,"Nou Barris",50,"les Roquetes","8 anys",68
2018,8,"Nou Barris",51,"Verdun","8 anys",50
2018,8,"Nou Barris",52,"la Prosperitat","8 anys",118
2018,8,"Nou Barris",53,"la Trinitat Nova","8 anys",18
2018,8,"Nou Barris",54,"Torre Baró","8 anys",9
2018,8,"Nou Barris",55,"Ciutat Meridiana","8 anys",30
2018,8,"Nou Barris",56,"Vallbona","8 anys",3
2018,9,"Sant Andreu",57,"la Trinitat Vella","8 anys",29
2018,9,"Sant Andreu",58,"Baró de Viver","8 anys",12
2018,9,"Sant Andreu",59,"el Bon Pastor","8 anys",56
2018,9,"Sant Andreu",60,"Sant Andreu","8 anys",366
2018,9,"Sant Andreu",61,"la Sagrera","8 anys",175
2018,9,"Sant Andreu",62,"el Congrés i els Indians","8 anys",93
2018,9,"Sant Andreu",63,"Navas","8 anys",158
2018,10,"Sant Martí",64,"el Camp de l'Arpa del Clot","8 anys",235
2018,10,"Sant Martí",65,"el Clot","8 anys",176
2018,10,"Sant Martí",66,"el Parc i la Llacuna del Poblenou","8 anys",108
2018,10,"Sant Martí",67,"la Vila Olímpica del Poblenou","8 anys",89
2018,10,"Sant Martí",68,"el Poblenou","8 anys",246
2018,10,"Sant Martí",69,"Diagonal Mar i el Front Marítim del Poblenou","8 anys",91
2018,10,"Sant Martí",70,"el Besòs i el Maresme","8 anys",73
2018,10,"Sant Martí",71,"Provençals del Poblenou","8 anys",141
2018,10,"Sant Martí",72,"Sant Martí de Provençals","8 anys",131
2018,10,"Sant Martí",73,"la Verneda i la Pau","8 anys",145
2018,99,"No consta",99,"No consta","8 anys",3
2018,1,"Ciutat Vella",1,"el Raval","9 anys",119
2018,1,"Ciutat Vella",2,"el Barri Gòtic","9 anys",283
2018,1,"Ciutat Vella",3,"la Barceloneta","9 anys",85
2018,1,"Ciutat Vella",4,"Sant Pere, Santa Caterina i la Ribera","9 anys",129
2018,2,"Eixample",5,"el Fort Pienc","9 anys",200
2018,2,"Eixample",6,"la Sagrada Família","9 anys",301
2018,2,"Eixample",7,"la Dreta de l'Eixample","9 anys",377
2018,2,"Eixample",8,"l'Antiga Esquerra de l'Eixample","9 anys",310
2018,2,"Eixample",9,"la Nova Esquerra de l'Eixample","9 anys",461
2018,2,"Eixample",10,"Sant Antoni","9 anys",230
2018,3,"Sants-Montjuïc",11,"el Poble Sec","9 anys",215
2018,3,"Sants-Montjuïc",12,"la Marina del Prat Vermell","9 anys",39
2018,3,"Sants-Montjuïc",13,"la Marina de Port","9 anys",192
2018,3,"Sants-Montjuïc",14,"la Font de la Guatlla","9 anys",51
2018,3,"Sants-Montjuïc",15,"Hostafrancs","9 anys",72
2018,3,"Sants-Montjuïc",16,"la Bordeta","9 anys",127
2018,3,"Sants-Montjuïc",17,"Sants - Badal","9 anys",116
2018,3,"Sants-Montjuïc",18,"Sants","9 anys",267
2018,4,"Les Corts",19,"les Corts","9 anys",373
2018,4,"Les Corts",20,"la Maternitat i Sant Ramon","9 anys",185
2018,4,"Les Corts",21,"Pedralbes","9 anys",134
2018,5,"Sarrià-Sant Gervasi",22,"Vallvidrera, el Tibidabo i les Planes","9 anys",25
2018,5,"Sarrià-Sant Gervasi",23,"Sarrià","9 anys",243
2018,5,"Sarrià-Sant Gervasi",24,"les Tres Torres","9 anys",191
2018,5,"Sarrià-Sant Gervasi",25,"Sant Gervasi - la Bonanova","9 anys",302
2018,5,"Sarrià-Sant Gervasi",26,"Sant Gervasi - Galvany","9 anys",527
2018,5,"Sarrià-Sant Gervasi",27,"el Putxet i el Farró","9 anys",306
2018,6,"Gràcia",28,"Vallcarca i els Penitents","9 anys",135
2018,6,"Gràcia",29,"el Coll","9 anys",64
2018,6,"Gràcia",30,"la Salut","9 anys",113
2018,6,"Gràcia",31,"la Vila de Gràcia","9 anys",376
2018,6,"Gràcia",32,"el Camp d'en Grassot i Gràcia Nova","9 anys",308
2018,7,"Horta-Guinardó",33,"el Baix Guinardó","9 anys",183
2018,7,"Horta-Guinardó",34,"Can Baró","9 anys",95
2018,7,"Horta-Guinardó",35,"el Guinardó","9 anys",266
2018,7,"Horta-Guinardó",36,"la Font d'en Fargues","9 anys",93
2018,7,"Horta-Guinardó",37,"el Carmel","9 anys",219
2018,7,"Horta-Guinardó",38,"la Teixonera","9 anys",84
2018,7,"Horta-Guinardó",39,"Sant Genís dels Agudells","9 anys",32
2018,7,"Horta-Guinardó",40,"Montbau","9 anys",33
2018,7,"Horta-Guinardó",41,"la Vall d'Hebron","9 anys",42
2018,7,"Horta-Guinardó",42,"la Clota","9 anys",8
2018,7,"Horta-Guinardó",43,"Horta","9 anys",189
2018,8,"Nou Barris",44,"Vilapicina i la Torre Llobeta","9 anys",129
2018,8,"Nou Barris",45,"Porta","9 anys",104
2018,8,"Nou Barris",46,"el Turó de la Peira","9 anys",57
2018,8,"Nou Barris",47,"Can Peguera","9 anys",8
2018,8,"Nou Barris",48,"la Guineueta","9 anys",82
2018,8,"Nou Barris",49,"Canyelles","9 anys",35
2018,8,"Nou Barris",50,"les Roquetes","9 anys",51
2018,8,"Nou Barris",51,"Verdun","9 anys",38
2018,8,"Nou Barris",52,"la Prosperitat","9 anys",122
2018,8,"Nou Barris",53,"la Trinitat Nova","9 anys",31
2018,8,"Nou Barris",54,"Torre Baró","9 anys",14
2018,8,"Nou Barris",55,"Ciutat Meridiana","9 anys",25
2018,8,"Nou Barris",56,"Vallbona","9 anys",6
2018,9,"Sant Andreu",57,"la Trinitat Vella","9 anys",22
2018,9,"Sant Andreu",58,"Baró de Viver","9 anys",9
2018,9,"Sant Andreu",59,"el Bon Pastor","9 anys",52
2018,9,"Sant Andreu",60,"Sant Andreu","9 anys",343
2018,9,"Sant Andreu",61,"la Sagrera","9 anys",140
2018,9,"Sant Andreu",62,"el Congrés i els Indians","9 anys",76
2018,9,"Sant Andreu",63,"Navas","9 anys",143
2018,10,"Sant Martí",64,"el Camp de l'Arpa del Clot","9 anys",267
2018,10,"Sant Martí",65,"el Clot","9 anys",177
2018,10,"Sant Martí",66,"el Parc i la Llacuna del Poblenou","9 anys",92
2018,10,"Sant Martí",67,"la Vila Olímpica del Poblenou","9 anys",76
2018,10,"Sant Martí",68,"el Poblenou","9 anys",195
2018,10,"Sant Martí",69,"Diagonal Mar i el Front Marítim del Poblenou","9 anys",86
2018,10,"Sant Martí",70,"el Besòs i el Maresme","9 anys",78
2018,10,"Sant Martí",71,"Provençals del Poblenou","9 anys",108
2018,10,"Sant Martí",72,"Sant Martí de Provençals","9 anys",137
2018,10,"Sant Martí",73,"la Verneda i la Pau","9 anys",146
2018,99,"No consta",99,"No consta","9 anys",1
2018,1,"Ciutat Vella",1,"el Raval","10 anys",168
2018,1,"Ciutat Vella",2,"el Barri Gòtic","10 anys",325
2018,1,"Ciutat Vella",3,"la Barceloneta","10 anys",124
2018,1,"Ciutat Vella",4,"Sant Pere, Santa Caterina i la Ribera","10 anys",138
2018,2,"Eixample",5,"el Fort Pienc","10 anys",249
2018,2,"Eixample",6,"la Sagrada Família","10 anys",396
2018,2,"Eixample",7,"la Dreta de l'Eixample","10 anys",476
2018,2,"Eixample",8,"l'Antiga Esquerra de l'Eixample","10 anys",399
2018,2,"Eixample",9,"la Nova Esquerra de l'Eixample","10 anys",520
2018,2,"Eixample",10,"Sant Antoni","10 anys",324
2018,3,"Sants-Montjuïc",11,"el Poble Sec","10 anys",242
2018,3,"Sants-Montjuïc",12,"la Marina del Prat Vermell","10 anys",44
2018,3,"Sants-Montjuïc",13,"la Marina de Port","10 anys",206
2018,3,"Sants-Montjuïc",14,"la Font de la Guatlla","10 anys",105
2018,3,"Sants-Montjuïc",15,"Hostafrancs","10 anys",134
2018,3,"Sants-Montjuïc",16,"la Bordeta","10 anys",169
2018,3,"Sants-Montjuïc",17,"Sants - Badal","10 anys",155
2018,3,"Sants-Montjuïc",18,"Sants","10 anys",290
2018,4,"Les Corts",19,"les Corts","10 anys",482
2018,4,"Les Corts",20,"la Maternitat i Sant Ramon","10 anys",237
2018,4,"Les Corts",21,"Pedralbes","10 anys",151
2018,5,"Sarrià-Sant Gervasi",22,"Vallvidrera, el Tibidabo i les Planes","10 anys",55
2018,5,"Sarrià-Sant Gervasi",23,"Sarrià","10 anys",304
2018,5,"Sarrià-Sant Gervasi",24,"les Tres Torres","10 anys",224
2018,5,"Sarrià-Sant Gervasi",25,"Sant Gervasi - la Bonanova","10 anys",368
2018,5,"Sarrià-Sant Gervasi",26,"Sant Gervasi - Galvany","10 anys",739
2018,5,"Sarrià-Sant Gervasi",27,"el Putxet i el Farró","10 anys",384
2018,6,"Gràcia",28,"Vallcarca i els Penitents","10 anys",175
2018,6,"Gràcia",29,"el Coll","10 anys",86
2018,6,"Gràcia",30,"la Salut","10 anys",130
2018,6,"Gràcia",31,"la Vila de Gràcia","10 anys",456
2018,6,"Gràcia",32,"el Camp d'en Grassot i Gràcia Nova","10 anys",318
2018,7,"Horta-Guinardó",33,"el Baix Guinardó","10 anys",200
2018,7,"Horta-Guinardó",34,"Can Baró","10 anys",103
2018,7,"Horta-Guinardó",35,"el Guinardó","10 anys",265
2018,7,"Horta-Guinardó",36,"la Font d'en Fargues","10 anys",138
2018,7,"Horta-Guinardó",37,"el Carmel","10 anys",274
2018,7,"Horta-Guinardó",38,"la Teixonera","10 anys",92
2018,7,"Horta-Guinardó",39,"Sant Genís dels Agudells","10 anys",63
2018,7,"Horta-Guinardó",40,"Montbau","10 anys",31
2018,7,"Horta-Guinardó",41,"la Vall d'Hebron","10 anys",54
2018,7,"Horta-Guinardó",42,"la Clota","10 anys",5
2018,7,"Horta-Guinardó",43,"Horta","10 anys",209
2018,8,"Nou Barris",44,"Vilapicina i la Torre Llobeta","10 anys",176
2018,8,"Nou Barris",45,"Porta","10 anys",153
2018,8,"Nou Barris",46,"el Turó de la Peira","10 anys",85
2018,8,"Nou Barris",47,"Can Peguera","10 anys",19
2018,8,"Nou Barris",48,"la Guineueta","10 anys",104
2018,8,"Nou Barris",49,"Canyelles","10 anys",57
2018,8,"Nou Barris",50,"les Roquetes","10 anys",75
2018,8,"Nou Barris",51,"Verdun","10 anys",60
2018,8,"Nou Barris",52,"la Prosperitat","10 anys",170
2018,8,"Nou Barris",53,"la Trinitat Nova","10 anys",29
2018,8,"Nou Barris",54,"Torre Baró","10 anys",13
2018,8,"Nou Barris",55,"Ciutat Meridiana","10 anys",32
2018,8,"Nou Barris",56,"Vallbona","10 anys",11
2018,9,"Sant Andreu",57,"la Trinitat Vella","10 anys",52
2018,9,"Sant Andreu",58,"Baró de Viver","10 anys",21
2018,9,"Sant Andreu",59,"el Bon Pastor","10 anys",72
2018,9,"Sant Andreu",60,"Sant Andreu","10 anys",372
2018,9,"Sant Andreu",61,"la Sagrera","10 anys",177
2018,9,"Sant Andreu",62,"el Congrés i els Indians","10 anys",100
2018,9,"Sant Andreu",63,"Navas","10 anys",168
2018,10,"Sant Martí",64,"el Camp de l'Arpa del Clot","10 anys",282
2018,10,"Sant Martí",65,"el Clot","10 anys",194
2018,10,"Sant Martí",66,"el Parc i la Llacuna del Poblenou","10 anys",113
2018,10,"Sant Martí",67,"la Vila Olímpica del Poblenou","10 anys",86
2018,10,"Sant Martí",68,"el Poblenou","10 anys",210
2018,10,"Sant Martí",69,"Diagonal Mar i el Front Marítim del Poblenou","10 anys",111
2018,10,"Sant Martí",70,"el Besòs i el Maresme","10 anys",92
2018,10,"Sant Martí",71,"Provençals del Poblenou","10 anys",125
2018,10,"Sant Martí",72,"Sant Martí de Provençals","10 anys",157
2018,10,"Sant Martí",73,"la Verneda i la Pau","10 anys",164
2018,99,"No consta",99,"No consta","10 anys",3
2018,1,"Ciutat Vella",1,"el Raval","D'11 a 20 anys",1120
2018,1,"Ciutat Vella",2,"el Barri Gòtic","D'11 a 20 anys",1400
2018,1,"Ciutat Vella",3,"la Barceloneta","D'11 a 20 anys",653
2018,1,"Ciutat Vella",4,"Sant Pere, Santa Caterina i la Ribera","D'11 a 20 anys",907
2018,2,"Eixample",5,"el Fort Pienc","D'11 a 20 anys",1408
2018,2,"Eixample",6,"la Sagrada Família","D'11 a 20 anys",2343
2018,2,"Eixample",7,"la Dreta de l'Eixample","D'11 a 20 anys",2999
2018,2,"Eixample",8,"l'Antiga Esquerra de l'Eixample","D'11 a 20 anys",2548
2018,2,"Eixample",9,"la Nova Esquerra de l'Eixample","D'11 a 20 anys",3020
2018,2,"Eixample",10,"Sant Antoni","D'11 a 20 anys",1705
2018,3,"Sants-Montjuïc",11,"el Poble Sec","D'11 a 20 anys",1454
2018,3,"Sants-Montjuïc",12,"la Marina del Prat Vermell","D'11 a 20 anys",130
2018,3,"Sants-Montjuïc",13,"la Marina de Port","D'11 a 20 anys",1188
2018,3,"Sants-Montjuïc",14,"la Font de la Guatlla","D'11 a 20 anys",509
2018,3,"Sants-Montjuïc",15,"Hostafrancs","D'11 a 20 anys",647
2018,3,"Sants-Montjuïc",16,"la Bordeta","D'11 a 20 anys",789
2018,3,"Sants-Montjuïc",17,"Sants - Badal","D'11 a 20 anys",1039
2018,3,"Sants-Montjuïc",18,"Sants","D'11 a 20 anys",1893
2018,4,"Les Corts",19,"les Corts","D'11 a 20 anys",2738
2018,4,"Les Corts",20,"la Maternitat i Sant Ramon","D'11 a 20 anys",1439
2018,4,"Les Corts",21,"Pedralbes","D'11 a 20 anys",1108
2018,5,"Sarrià-Sant Gervasi",22,"Vallvidrera, el Tibidabo i les Planes","D'11 a 20 anys",350
2018,5,"Sarrià-Sant Gervasi",23,"Sarrià","D'11 a 20 anys",2095
2018,5,"Sarrià-Sant Gervasi",24,"les Tres Torres","D'11 a 20 anys",1578
2018,5,"Sarrià-Sant Gervasi",25,"Sant Gervasi - la Bonanova","D'11 a 20 anys",2279
2018,5,"Sarrià-Sant Gervasi",26,"Sant Gervasi - Galvany","D'11 a 20 anys",4422
2018,5,"Sarrià-Sant Gervasi",27,"el Putxet i el Farró","D'11 a 20 anys",2315
2018,6,"Gràcia",28,"Vallcarca i els Penitents","D'11 a 20 anys",1031
2018,6,"Gràcia",29,"el Coll","D'11 a 20 anys",496
2018,6,"Gràcia",30,"la Salut","D'11 a 20 anys",857
2018,6,"Gràcia",31,"la Vila de Gràcia","D'11 a 20 anys",2704
2018,6,"Gràcia",32,"el Camp d'en Grassot i Gràcia Nova","D'11 a 20 anys",1965
2018,7,"Horta-Guinardó",33,"el Baix Guinardó","D'11 a 20 anys",1269
2018,7,"Horta-Guinardó",34,"Can Baró","D'11 a 20 anys",562
2018,7,"Horta-Guinardó",35,"el Guinardó","D'11 a 20 anys",1830
2018,7,"Horta-Guinardó",36,"la Font d'en Fargues","D'11 a 20 anys",694
2018,7,"Horta-Guinardó",37,"el Carmel","D'11 a 20 anys",1661
2018,7,"Horta-Guinardó",38,"la Teixonera","D'11 a 20 anys",609
2018,7,"Horta-Guinardó",39,"Sant Genís dels Agudells","D'11 a 20 anys",352
2018,7,"Horta-Guinardó",40,"Montbau","D'11 a 20 anys",179
2018,7,"Horta-Guinardó",41,"la Vall d'Hebron","D'11 a 20 anys",188
2018,7,"Horta-Guinardó",42,"la Clota","D'11 a 20 anys",29
2018,7,"Horta-Guinardó",43,"Horta","D'11 a 20 anys",1250
2018,8,"Nou Barris",44,"Vilapicina i la Torre Llobeta","D'11 a 20 anys",984
2018,8,"Nou Barris",45,"Porta","D'11 a 20 anys",766
2018,8,"Nou Barris",46,"el Turó de la Peira","D'11 a 20 anys",457
2018,8,"Nou Barris",47,"Can Peguera","D'11 a 20 anys",97
2018,8,"Nou Barris",48,"la Guineueta","D'11 a 20 anys",548
2018,8,"Nou Barris",49,"Canyelles","D'11 a 20 anys",256
2018,8,"Nou Barris",50,"les Roquetes","D'11 a 20 anys",528
2018,8,"Nou Barris",51,"Verdun","D'11 a 20 anys",371
2018,8,"Nou Barris",52,"la Prosperitat","D'11 a 20 anys",867
2018,8,"Nou Barris",53,"la Trinitat Nova","D'11 a 20 anys",202
2018,8,"Nou Barris",54,"Torre Baró","D'11 a 20 anys",114
2018,8,"Nou Barris",55,"Ciutat Meridiana","D'11 a 20 anys",209
2018,8,"Nou Barris",56,"Vallbona","D'11 a 20 anys",64
2018,9,"Sant Andreu",57,"la Trinitat Vella","D'11 a 20 anys",283
2018,9,"Sant Andreu",58,"Baró de Viver","D'11 a 20 anys",100
2018,9,"Sant Andreu",59,"el Bon Pastor","D'11 a 20 anys",392
2018,9,"Sant Andreu",60,"Sant Andreu","D'11 a 20 anys",2260
2018,9,"Sant Andreu",61,"la Sagrera","D'11 a 20 anys",1087
2018,9,"Sant Andreu",62,"el Congrés i els Indians","D'11 a 20 anys",518
2018,9,"Sant Andreu",63,"Navas","D'11 a 20 anys",879
2018,10,"Sant Martí",64,"el Camp de l'Arpa del Clot","D'11 a 20 anys",1602
2018,10,"Sant Martí",65,"el Clot","D'11 a 20 anys",1083
2018,10,"Sant Martí",66,"el Parc i la Llacuna del Poblenou","D'11 a 20 anys",686
2018,10,"Sant Martí",67,"la Vila Olímpica del Poblenou","D'11 a 20 anys",516
2018,10,"Sant Martí",68,"el Poblenou","D'11 a 20 anys",1317
2018,10,"Sant Martí",69,"Diagonal Mar i el Front Marítim del Poblenou","D'11 a 20 anys",495
2018,10,"Sant Martí",70,"el Besòs i el Maresme","D'11 a 20 anys",516
2018,10,"Sant Martí",71,"Provençals del Poblenou","D'11 a 20 anys",759
2018,10,"Sant Martí",72,"Sant Martí de Provençals","D'11 a 20 anys",991
2018,10,"Sant Martí",73,"la Verneda i la Pau","D'11 a 20 anys",901
2018,99,"No consta",99,"No consta","D'11 a 20 anys",15
2018,1,"Ciutat Vella",1,"el Raval","Més de 20 anys",484
2018,1,"Ciutat Vella",2,"el Barri Gòtic","Més de 20 anys",429
2018,1,"Ciutat Vella",3,"la Barceloneta","Més de 20 anys",198
2018,1,"Ciutat Vella",4,"Sant Pere, Santa Caterina i la Ribera","Més de 20 anys",427
2018,2,"Eixample",5,"el Fort Pienc","Més de 20 anys",692
2018,2,"Eixample",6,"la Sagrada Família","Més de 20 anys",916
2018,2,"Eixample",7,"la Dreta de l'Eixample","Més de 20 anys",1588
2018,2,"Eixample",8,"l'Antiga Esquerra de l'Eixample","Més de 20 anys",1434
2018,2,"Eixample",9,"la Nova Esquerra de l'Eixample","Més de 20 anys",1375
2018,2,"Eixample",10,"Sant Antoni","Més de 20 anys",802
2018,3,"Sants-Montjuïc",11,"el Poble Sec","Més de 20 anys",644
2018,3,"Sants-Montjuïc",12,"la Marina del Prat Vermell","Més de 20 anys",33
2018,3,"Sants-Montjuïc",13,"la Marina de Port","Més de 20 anys",376
2018,3,"Sants-Montjuïc",14,"la Font de la Guatlla","Més de 20 anys",204
2018,3,"Sants-Montjuïc",15,"Hostafrancs","Més de 20 anys",231
2018,3,"Sants-Montjuïc",16,"la Bordeta","Més de 20 anys",296
2018,3,"Sants-Montjuïc",17,"Sants - Badal","Més de 20 anys",392
2018,3,"Sants-Montjuïc",18,"Sants","Més de 20 anys",771
2018,4,"Les Corts",19,"les Corts","Més de 20 anys",1389
2018,4,"Les Corts",20,"la Maternitat i Sant Ramon","Més de 20 anys",631
2018,4,"Les Corts",21,"Pedralbes","Més de 20 anys",725
2018,5,"Sarrià-Sant Gervasi",22,"Vallvidrera, el Tibidabo i les Planes","Més de 20 anys",181
2018,5,"Sarrià-Sant Gervasi",23,"Sarrià","Més de 20 anys",1231
2018,5,"Sarrià-Sant Gervasi",24,"les Tres Torres","Més de 20 anys",980
2018,5,"Sarrià-Sant Gervasi",25,"Sant Gervasi - la Bonanova","Més de 20 anys",1366
2018,5,"Sarrià-Sant Gervasi",26,"Sant Gervasi - Galvany","Més de 20 anys",3008
2018,5,"Sarrià-Sant Gervasi",27,"el Putxet i el Farró","Més de 20 anys",1302
2018,6,"Gràcia",28,"Vallcarca i els Penitents","Més de 20 anys",504
2018,6,"Gràcia",29,"el Coll","Més de 20 anys",175
2018,6,"Gràcia",30,"la Salut","Més de 20 anys",376
2018,6,"Gràcia",31,"la Vila de Gràcia","Més de 20 anys",1314
2018,6,"Gràcia",32,"el Camp d'en Grassot i Gràcia Nova","Més de 20 anys",836
2018,7,"Horta-Guinardó",33,"el Baix Guinardó","Més de 20 anys",541
2018,7,"Horta-Guinardó",34,"Can Baró","Més de 20 anys",219
2018,7,"Horta-Guinardó",35,"el Guinardó","Més de 20 anys",730
2018,7,"Horta-Guinardó",36,"la Font d'en Fargues","Més de 20 anys",279
2018,7,"Horta-Guinardó",37,"el Carmel","Més de 20 anys",529
2018,7,"Horta-Guinardó",38,"la Teixonera","Més de 20 anys",204
2018,7,"Horta-Guinardó",39,"Sant Genís dels Agudells","Més de 20 anys",113
2018,7,"Horta-Guinardó",40,"Montbau","Més de 20 anys",78
2018,7,"Horta-Guinardó",41,"la Vall d'Hebron","Més de 20 anys",98
2018,7,"Horta-Guinardó",42,"la Clota","Més de 20 anys",14
2018,7,"Horta-Guinardó",43,"Horta","Més de 20 anys",563
2018,8,"Nou Barris",44,"Vilapicina i la Torre Llobeta","Més de 20 anys",357
2018,8,"Nou Barris",45,"Porta","Més de 20 anys",296
2018,8,"Nou Barris",46,"el Turó de la Peira","Més de 20 anys",175
2018,8,"Nou Barris",47,"Can Peguera","Més de 20 anys",11
2018,8,"Nou Barris",48,"la Guineueta","Més de 20 anys",186
2018,8,"Nou Barris",49,"Canyelles","Més de 20 anys",71
2018,8,"Nou Barris",50,"les Roquetes","Més de 20 anys",160
2018,8,"Nou Barris",51,"Verdun","Més de 20 anys",119
2018,8,"Nou Barris",52,"la Prosperitat","Més de 20 anys",285
2018,8,"Nou Barris",53,"la Trinitat Nova","Més de 20 anys",52
2018,8,"Nou Barris",54,"Torre Baró","Més de 20 anys",21
2018,8,"Nou Barris",55,"Ciutat Meridiana","Més de 20 anys",62
2018,8,"Nou Barris",56,"Vallbona","Més de 20 anys",8
2018,9,"Sant Andreu",57,"la Trinitat Vella","Més de 20 anys",81
2018,9,"Sant Andreu",58,"Baró de Viver","Més de 20 anys",12
2018,9,"Sant Andreu",59,"el Bon Pastor","Més de 20 anys",96
2018,9,"Sant Andreu",60,"Sant Andreu","Més de 20 anys",767
2018,9,"Sant Andreu",61,"la Sagrera","Més de 20 anys",403
2018,9,"Sant Andreu",62,"el Congrés i els Indians","Més de 20 anys",209
2018,9,"Sant Andreu",63,"Navas","Més de 20 anys",409
2018,10,"Sant Martí",64,"el Camp de l'Arpa del Clot","Més de 20 anys",697
2018,10,"Sant Martí",65,"el Clot","Més de 20 anys",360
2018,10,"Sant Martí",66,"el Parc i la Llacuna del Poblenou","Més de 20 anys",280
2018,10,"Sant Martí",67,"la Vila Olímpica del Poblenou","Més de 20 anys",154
2018,10,"Sant Martí",68,"el Poblenou","Més de 20 anys",472
2018,10,"Sant Martí",69,"Diagonal Mar i el Front Marítim del Poblenou","Més de 20 anys",118
2018,10,"Sant Martí",70,"el Besòs i el Maresme","Més de 20 anys",164
2018,10,"Sant Martí",71,"Provençals del Poblenou","Més de 20 anys",216
2018,10,"Sant Martí",72,"Sant Martí de Provençals","Més de 20 anys",410
2018,10,"Sant Martí",73,"la Verneda i la Pau","Més de 20 anys",319
